4 200
9 56
5 3
2 10010
6 40
6 110
6 131
10 6
2 11001
7 10
8 44
9 12
14 26
9 53
16 3A
13 8
8 65
15 37
15 18
2 10011
9 62
11 27
7 61
9 54
15 35
16 14
2 100001
13 4
5 42
13 48
13 5
11 1A
11 12
15 1B
14 46
12 33
16 26
13 25
8 75
11 1
7 52
11 9
12 0
5 32
14 11
4 100
10 41
15 2E
13 29
14 43
13 24
10 63
2 101110
14 10
3 2000
6 43
15 2A
10 12
2 1010
2 11100
13 2
3 1200
11 43
15 3C
2 101001
13 15
2 10111
6 32
15 31
7 115
3 100
8 61
11 24
11 29
4 200
4 11
12 38
9 44
6 131
14 11
9 42
14 C
4 330
9 1
3 1022
3 122
14 A
16 13
6 133
2 1110
6 132
10 62
16 2
4 202
5 31
7 0
7 30
11 28
8 41
10 22
15 33
16 24
16 2D
5 104
13 22
11 54
10 42
7 104
2 110010
7 11
3 11
14 2B
6 115
4 333
9 3
15 3D
12 6
16 2B
9 57
10 51
13 B
14 D
5 12
15 1A
6 101
8 33
14 1A
3 2000
6 23
15 43
12 9
12 3A
2 1
5 100
13 45
9 57
3 220
4 122
15 2D
3 1101
7 16
9 53
5 220
7 32
6 102
6 121
2 110101
12 23
9 0
8 37
3 21
15 22
4 12
3 2002
6 55
9 15
14 39
14 42
15 32
16 1C
15 B
15 39
2 100010
2 110010
9 45
9 8
8 5
9 36
8 50
16 2
14 12
14 28
9 13
9 68
3 10
8 23
4 111
14 45
13 43
8 36
13 30
13 19
11 16
3 2012
15 2E
13 17
3 11
15 2C
15 1E
5 20
14 14
3 1200
2 110000
2 100010
10 12
9 6
9 42
4 21
16 32
9 18
15 15
11 50
2 100011
8 25
11 25
14 A
12 0
10 59
16 2
13 12
6 110
9 25
13 7
3 2100
8 76
13 42
13 11
10 49
16 28
14 2B
7 56
11 3
5 104
16 3C
16 34
2 1
6 114
13 B
5 33
15 3C
13 41
7 11
10 33
16 1E
6 24
4 320
12 24
15 22
7 34
4 11
9 41
7 51
6 113
3 1202
5 34
3 111
3 2011
4 303
4 10
16 2C
6 111
15 19
14 45
11 20
7 43
2 11010
