32 -0 -31 -32
51 -19 -12 -13
3 +3 +3 +3
18 +18 +18 +18
24 +24 +24 +24
42 -10 -21 -22
55 -23 -8 -9
6 +6 +6 +6
25 +25 +25 +25
7 +7 +7 +7
36 -4 -27 -28
11 +11 +11 +11
34 -2 -29 -30
48 -16 -15 -16
58 -26 -5 -6
8 +8 +8 +8
53 -21 -10 -11
52 -20 -11 -12
23 +23 +23 +23
19 +19 +19 +19
56 -24 -7 -8
29 +29 +29 +29
43 -11 -20 -21
49 -17 -14 -15
50 -18 -13 -14
20 +20 +20 +20
33 -1 -30 -31
4 +4 +4 +4
22 +22 +22 +22
60 -28 -3 -4
5 +5 +5 +5
21 +21 +21 +21
13 +13 +13 +13
26 +26 +26 +26
62 -30 -1 -2
39 -7 -24 -25
38 -6 -25 -26
31 +31 +31 +31
61 -29 -2 -3
1 +1 +1 +1
37 -5 -26 -27
9 +9 +9 +9
0 +0 +0 +0
17 +17 +17 +17
15 +15 +15 +15
16 +16 +16 +16
41 -9 -22 -23
44 -12 -19 -20
35 -3 -28 -29
59 -27 -4 -5
30 +30 +30 +30
63 -31 -0 -1
46 -14 -17 -18
14 +14 +14 +14
54 -22 -9 -10
27 +27 +27 +27
40 -8 -23 -24
12 +12 +12 +12
10 +10 +10 +10
28 +28 +28 +28
2 +2 +2 +2
45 -13 -18 -19
47 -15 -16 -17
57 -25 -6 -7
41 -9 -22 -23
18 +18 +18 +18
23 +23 +23 +23
20 +20 +20 +20
46 -14 -17 -18
61 -29 -2 -3
9 +9 +9 +9
49 -17 -14 -15
26 +26 +26 +26
31 +31 +31 +31
32 -0 -31 -32
5 +5 +5 +5
44 -12 -19 -20
40 -8 -23 -24
55 -23 -8 -9
15 +15 +15 +15
38 -6 -25 -26
12 +12 +12 +12
60 -28 -3 -4
1 +1 +1 +1
35 -3 -28 -29
17 +17 +17 +17
10 +10 +10 +10
19 +19 +19 +19
57 -25 -6 -7
14 +14 +14 +14
56 -24 -7 -8
62 -30 -1 -2
2 +2 +2 +2
34 -2 -29 -30
16 +16 +16 +16
0 +0 +0 +0
21 +21 +21 +21
30 +30 +30 +30
33 -1 -30 -31
22 +22 +22 +22
48 -16 -15 -16
36 -4 -27 -28
45 -13 -18 -19
29 +29 +29 +29
28 +28 +28 +28
59 -27 -4 -5
42 -10 -21 -22
53 -21 -10 -11
50 -18 -13 -14
8 +8 +8 +8
4 +4 +4 +4
39 -7 -24 -25
47 -15 -16 -17
63 -31 -0 -1
3 +3 +3 +3
58 -26 -5 -6
6 +6 +6 +6
43 -11 -20 -21
52 -20 -11 -12
51 -19 -12 -13
11 +11 +11 +11
13 +13 +13 +13
7 +7 +7 +7
25 +25 +25 +25
37 -5 -26 -27
27 +27 +27 +27
24 +24 +24 +24
54 -22 -9 -10
15 +15 +15 +15
63 -31 -0 -1
9 +9 +9 +9
46 -14 -17 -18
1 +1 +1 +1
25 +25 +25 +25
57 -25 -6 -7
52 -20 -11 -12
24 +24 +24 +24
26 +26 +26 +26
43 -11 -20 -21
37 -5 -26 -27
13 +13 +13 +13
48 -16 -15 -16
60 -28 -3 -4
23 +23 +23 +23
38 -6 -25 -26
49 -17 -14 -15
53 -21 -10 -11
27 +27 +27 +27
0 +0 +0 +0
31 +31 +31 +31
7 +7 +7 +7
32 -0 -31 -32
6 +6 +6 +6
56 -24 -7 -8
35 -3 -28 -29
14 +14 +14 +14
51 -19 -12 -13
58 -26 -5 -6
47 -15 -16 -17
28 +28 +28 +28
11 +11 +11 +11
54 -22 -9 -10
34 -2 -29 -30
50 -18 -13 -14
41 -9 -22 -23
8 +8 +8 +8
5 +5 +5 +5
33 -1 -30 -31
40 -8 -23 -24
2 +2 +2 +2
16 +16 +16 +16
36 -4 -27 -28
12 +12 +12 +12
62 -30 -1 -2
3 +3 +3 +3
19 +19 +19 +19
21 +21 +21 +21
61 -29 -2 -3
55 -23 -8 -9
30 +30 +30 +30
39 -7 -24 -25
22 +22 +22 +22
17 +17 +17 +17
59 -27 -4 -5
44 -12 -19 -20
20 +20 +20 +20
4 +4 +4 +4
42 -10 -21 -22
29 +29 +29 +29
10 +10 +10 +10
18 +18 +18 +18
45 -13 -18 -19
48 -16 -15 -16
34 -2 -29 -30
12 +12 +12 +12
6 +6 +6 +6
38 -6 -25 -26
9 +9 +9 +9
50 -18 -13 -14
17 +17 +17 +17
20 +20 +20 +20
55 -23 -8 -9
35 -3 -28 -29
21 +21 +21 +21
27 +27 +27 +27
10 +10 +10 +10
0 +0 +0 +0
59 -27 -4 -5
2 +2 +2 +2
15 +15 +15 +15
42 -10 -21 -22
23 +23 +23 +23
7 +7 +7 +7
63 -31 -0 -1
62 -30 -1 -2
54 -22 -9 -10
14 +14 +14 +14
49 -17 -14 -15
40 -8 -23 -24
39 -7 -24 -25
41 -9 -22 -23
3 +3 +3 +3
29 +29 +29 +29
60 -28 -3 -4
52 -20 -11 -12
1 +1 +1 +1
46 -14 -17 -18
11 +11 +11 +11
18 +18 +18 +18
57 -25 -6 -7
53 -21 -10 -11
8 +8 +8 +8
33 -1 -30 -31
30 +30 +30 +30
16 +16 +16 +16
56 -24 -7 -8
28 +28 +28 +28
32 -0 -31 -32
25 +25 +25 +25
5 +5 +5 +5
37 -5 -26 -27
36 -4 -27 -28
45 -13 -18 -19
47 -15 -16 -17
19 +19 +19 +19
13 +13 +13 +13
58 -26 -5 -6
51 -19 -12 -13
4 +4 +4 +4
44 -12 -19 -20
43 -11 -20 -21
24 +24 +24 +24
61 -29 -2 -3
22 +22 +22 +22
31 +31 +31 +31
26 +26 +26 +26
